   2.4958689e-02
   1.9955961e-01
  -3.6942374e-02
  -9.5747297e-03
   6.9392342e-02
  -3.5713085e-01
   5.3576566e-02
   4.1992935e-01
   3.8427718e-01
   2.7117451e-01
   1.1986332e-01
   5.5653012e-01
   5.4064636e-01
   2.1632003e-01
   2.8393171e-01
   3.0590803e-01
   4.6817360e-01
   5.3234970e-01
   3.1690165e-01
   3.3573079e-01
   1.8952539e-01
   2.8567032e-01
   3.5632018e-01
   2.4345984e-01
   2.3054264e-01
   3.4362396e-01
   5.0531228e-01
   2.9256123e-01
   3.0500913e-01
   3.8344889e-01
   4.9686038e-01
   3.8972827e-01
   2.6719842e-01
   1.7993464e-01
   2.9814371e-01
   4.0641982e-01
   2.6831355e-01
   4.1494278e-01
   3.3792733e-01
  -5.5564458e-03
   2.6447287e-01
   3.1101731e-01
  -5.2288802e-02
   1.4729808e-01
   7.6883604e-02
   2.9258427e-02
   3.7637367e-02
   2.2335145e-02
   7.2827081e-02
  -1.9944605e-02
   7.8480592e-02
  -6.9853432e-02
  -1.7894106e-01
  -1.1389433e-01
  -3.8345087e-01
  -3.5266282e-01
  -5.8763836e-01
  -9.6701968e-01
  -6.4022984e-01
  -3.5622168e-01
  -5.9392703e-01
  -5.7221098e-01
  -6.4011545e-01
  -8.9047470e-01
  -8.1433197e-01
  -7.4592319e-01
  -8.9152143e-01
  -1.0758928e+00
  -9.2439011e-01
  -7.7206441e-01
  -6.8866977e-01
  -8.1522443e-01
  -8.1136464e-01
  -8.1243218e-01
  -9.1440237e-01
  -7.6760759e-01
  -5.9935217e-01
  -4.9845067e-01
  -5.7216683e-01
  -4.2638997e-01
  -3.1631174e-01
  -1.4259526e-01
  -1.6937420e-02
   1.3636964e-01
  -7.5183754e-02
  -2.5766138e-01
  -5.0968465e-02
  -2.2758776e-01
  -2.8583008e-01
  -3.7754692e-01
  -4.1159521e-01
  -5.0592869e-02
   3.4602377e-02
  -1.7393451e-01
  -2.6914890e-01
  -5.1184232e-02
   2.3421633e-01
   6.1040013e-02
   3.8219354e-02
   1.7654734e-01
  -3.5530357e-02
  -3.9637952e-02
   4.1125876e-02
  -7.1857947e-02
   3.6805508e-01
   1.8130780e-01
  -9.4778294e-02
   2.2385526e-01
   5.3890543e-02
  -1.5130370e-01
   1.1814516e-01
  -4.1803604e-02
  -3.9090645e-01
  -1.5408579e-01
  -2.9276099e-01
  -3.5976260e-01
   6.0981762e-02
   1.2957970e-01
   2.4550224e-02
  -1.8206996e-01
  -6.1825722e-02
   4.2285311e-01
   1.6359944e-01
  -2.0255396e-01
  -2.9610787e-02
  -1.7223967e-01
   5.0459918e-02
   1.2588753e-01
  -1.2494903e-01
  -1.2729344e-01
  -1.6540624e-01
   6.0481738e-02
   7.1300643e-02
   2.3624061e-01
   5.2150096e-02
  -4.9287365e-02
   3.5385628e-02
  -1.7517780e-01
   4.4092328e-02
  -1.4256795e-01
  -2.0171424e-01
  -1.5936181e-01
  -3.1522618e-01
  -4.5070581e-01
  -6.6318560e-01
  -4.1262216e-01
  -3.4420216e-01
  -3.9109702e-01
  -2.0124920e-01
  -3.0141284e-01
  -6.1353841e-01
  -5.1671887e-01
  -3.9648531e-01
  -3.8188421e-01
  -4.3466066e-01
  -2.7281465e-01
  -3.9190187e-01
  -4.8305627e-01
  -1.9218166e-01
  -2.9936233e-01
  -8.4078378e-01
  -1.0265707e+00
  -7.3037232e-01
  -8.4248583e-01
  -7.1406562e-01
  -8.2773210e-01
  -1.1447894e+00
  -9.6234120e-01
  -1.2283613e+00
  -1.1657119e+00
  -9.7493762e-01
  -1.3994687e+00
  -1.2920730e+00
  -1.2753396e+00
  -1.1970807e+00
  -1.1596804e+00
  -1.2389313e+00
  -1.0219203e+00
  -8.5109444e-01
  -9.6447367e-01
  -5.4944307e-01
  -5.1427649e-01
  -4.9183208e-01
  -4.4210462e-01
  -5.6229447e-01
  -7.6161536e-02
  -4.2649836e-01
  -5.9762115e-01
  -3.7092063e-01
  -5.0241583e-01
  -2.4395046e-01
  -2.6655831e-01
  -2.9594624e-01
  -5.5544108e-03
  -5.6557396e-02
  -1.1772222e-01
  -2.0252614e-01
   2.1009882e-01
   2.7191012e-01
   9.7932764e-02
   3.0922407e-01
   5.2804245e-01
   9.8677102e-01
   6.7521161e-01
   4.3833532e-01
   7.1603775e-01
   7.1310126e-01
   7.7399981e-01
   8.7251488e-01
   7.2173707e-01
   8.9746841e-01
   7.2541223e-01
   7.1219878e-01
   9.3993571e-01
   8.9644491e-01
   8.2942869e-01
   1.0581853e+00
   1.2323846e+00
   6.4283753e-01
   7.6111466e-01
   9.0051192e-01
   6.1042684e-01
   5.6571787e-01
   5.0060531e-01
   5.6326322e-01
   5.2220805e-01
   4.7012929e-01
   3.8315189e-01
   1.4094198e-01
   8.9288436e-03
   4.9430585e-02
   3.0388577e-02
  -1.5288691e-01
  -4.6692789e-02
  -3.2323671e-01
  -3.4081180e-01
  -2.8499302e-01
  -3.4519101e-01
  -1.6379688e-01
  -6.3527910e-01
  -4.5299687e-01
  -4.9612633e-02
  -5.1732371e-01
  -7.7208385e-01
  -9.7010822e-02
  -2.2709534e-01
  -5.3542132e-01
  -4.2680452e-01
  -6.4074512e-01
  -7.2707216e-01
  -7.5396308e-01
  -4.0341629e-01
  -4.0942827e-01
  -7.6983011e-01
  -2.5376838e-01
  -9.7802759e-02
  -4.9455450e-01
  -4.7970722e-01
  -3.6379939e-01
  -1.3777470e-01
  -2.9791394e-01
  -3.5994648e-01
  -1.1836351e-01
  -2.2876526e-01
  -3.9217434e-01
  -3.4502736e-01
  -3.6025224e-01
  -4.3440441e-01
  -5.2596088e-01
  -8.2109158e-01
  -4.9940041e-01
  -3.4747770e-01
  -6.9765017e-01
  -5.7980415e-01
  -5.0478062e-01
  -6.2021057e-01
  -6.9814607e-01
  -4.4235991e-01
  -4.0686611e-01
  -6.3165138e-01
  -4.1745850e-01
  -3.1570799e-01
  -4.0938028e-01
  -4.2464433e-01
  -3.9222285e-02
   8.2868077e-02
  -3.8910900e-01
  -3.5281734e-01
  -2.4080364e-01
  -3.6009370e-02
   9.8451182e-02
   2.0582559e-01
   4.0535141e-01
   3.3123390e-01
   4.3425983e-01
   1.0161272e+00
   8.7589215e-01
   6.3913301e-01
   6.7700451e-01
   4.0241102e-01
   2.6795174e-01
   5.1519879e-01
   8.6011324e-01
   5.1880286e-01
   4.6285684e-01
   7.4327772e-01
   5.0015952e-01
   4.2504628e-01
   9.3661735e-01
   6.8642662e-01
   4.1288475e-01
   7.6381636e-01
   7.7161031e-01
   5.8352087e-01
   1.1036841e-01
   2.6261655e-01
   3.4990681e-01
   2.3347873e-01
   2.8557553e-01
   1.6087292e-01
   2.5118593e-01
   3.4794765e-01
   3.8055526e-01
  -1.2108760e-01
  -4.8195998e-02
   3.3355499e-01
   1.5568368e-01
   5.3969794e-02
   9.7019865e-03
   7.5752577e-02
   2.1427225e-01
   1.2391263e-01
   1.6036369e-01
   2.4015021e-01
   2.2504488e-01
   3.4901658e-01
   8.3221412e-02
   8.8360152e-02
   2.6799884e-01
  -5.8187571e-02
   1.8971565e-01
   4.8818187e-01
   1.7295579e-01
   2.5441765e-01
   1.7299968e-03
  -3.9209531e-02
   3.6392892e-01
   4.4481384e-02
   8.5057972e-02
   6.9335534e-02
  -2.8792264e-01
   4.6309079e-02
   1.9020224e-01
   1.5024991e-01
  -1.1446052e-01
  -2.3593155e-01
  -1.4000894e-01
  -3.5774727e-01
  -2.9693719e-01
  -4.4540574e-01
  -3.4610744e-01
  -3.1493240e-01
  -5.6484821e-01
  -1.8965963e-01
  -1.2928480e-01
  -8.8597579e-02
  -1.2954654e-01
  -3.6035533e-01
  -1.2595406e-01
  -1.7579619e-01
  -2.4370613e-01
  -8.6394021e-02
  -2.4951377e-01
  -3.3179077e-01
  -2.5862131e-01
  -4.1129856e-01
  -2.7836623e-01
  -4.0487880e-01
  -3.6980379e-01
  -1.5686999e-01
  -2.2209838e-01
  -3.6037840e-01
  -3.3874135e-01
  -2.5512541e-01
  -3.0879197e-01
  -1.4506530e-01
  -3.1370223e-01
  -7.9456106e-02
   1.2283328e-01
  -4.3838249e-02
   1.9408180e-01
   2.7606297e-01
   1.9132117e-01
   1.4579275e-01
   1.6346153e-01
   3.8749202e-01
   4.8984638e-01
   3.1765070e-01
   1.2351124e-01
   3.7332375e-01
   6.5015887e-01
   6.8987331e-01
   6.1696578e-01
   4.2912676e-01
   4.2366997e-01
   4.9804497e-01
   7.2821154e-01
   8.9932467e-01
   8.6289335e-01
   8.5112281e-01
   8.0138582e-01
   8.6774004e-01
   8.2439280e-01
   9.1930987e-01
   1.0878802e+00
   7.7839575e-01
   6.8565407e-01
   6.4977488e-01
   7.4927940e-01
   3.9279110e-01
   2.9461362e-01
   4.6601499e-01
   2.8504353e-01
   5.3378772e-01
  -1.6423215e-02
   4.8299960e-03
   1.0814029e-01
  -1.1700112e-01
  -2.5599987e-01
  -3.9982340e-01
  -3.8773951e-01
  -4.4285225e-01
  -3.5495793e-01
  -4.7786867e-01
  -5.2585789e-01
  -5.5884852e-01
  -4.7760348e-01
  -6.3822984e-01
  -6.9792428e-01
  -7.8792872e-01
  -9.6416680e-01
  -5.9300838e-01
  -5.4437664e-01
  -6.0281373e-01
  -6.2415818e-01
  -6.5621263e-01
  -7.9280705e-01
  -8.0244822e-01
  -5.5322401e-01
  -3.7933957e-01
  -4.4009685e-01
  -5.1075111e-01
  -8.2454527e-02
  -7.6350586e-02
  -1.8645458e-01
   7.6152517e-02
  -1.0845787e-01
  -3.1103994e-02
   2.3635995e-01
  -3.4108114e-01
  -6.0285262e-01
  -2.3484103e-01
   2.4698768e-01
   2.1474505e-01
  -8.4453708e-02
   1.5264884e-01
   1.0352217e-01
   1.6462946e-01
   3.7214383e-01
   3.1131970e-01
   3.5887748e-01
   4.2682100e-01
   3.7114250e-01
   2.1825451e-01
  -6.6198436e-02
   3.3780170e-01
   4.3046894e-01
   3.7210497e-01
   6.1222562e-01
   7.6553141e-01
   4.5132421e-01
   4.4106257e-01
   7.9059685e-01
   4.6633821e-01
   5.6259286e-01
   5.9641550e-01
   7.2366343e-01
   6.0426178e-01
   8.6390497e-01
   7.0717292e-01
   5.8715596e-01
   7.5364171e-01
   6.6560185e-01
   4.3464211e-01
   1.3802110e-01
   4.8097421e-01
   3.9433890e-01
   4.7268699e-01
   5.3352234e-01
   6.8036078e-01
   7.4272107e-01
   4.2499218e-01
   6.1208422e-01
   7.6959334e-01
   5.6966703e-01
   2.4363790e-01
   2.9892047e-01
   3.0847809e-01
   2.0335102e-01
   2.7014915e-01
   2.3668377e-01
   2.5296813e-01
   2.0568634e-01
   8.9669143e-02
   1.2073283e-01
   3.1321169e-01
   3.8645480e-01
   4.3634022e-01
   5.9092607e-01
   5.9356020e-01
   5.6368170e-01
   6.0737620e-01
   6.9086987e-01
   6.6087977e-01
   5.4889942e-01
   2.5863377e-01
   4.9819330e-01
   8.3911636e-01
   8.8530503e-01
   7.1298879e-01
   4.9332308e-01
   6.8458015e-01
   1.0647408e-01
   6.2840455e-02
   3.8573774e-02
  -2.2188931e-01
  -1.1104656e-01
  -1.4538607e-01
  -9.5621016e-02
  -4.0242787e-01
  -5.6815630e-01
  -3.7130458e-01
  -6.3106797e-01
  -8.6306664e-01
  -6.3900214e-01
  -1.2109066e+00
  -8.7778185e-01
  -9.1756058e-01
  -1.1517811e+00
  -8.5125194e-01
  -1.2251620e+00
  -9.6130995e-01
  -8.9514933e-01
  -9.2885975e-01
  -8.4979540e-01
  -8.5464661e-01
  -8.3315383e-01
  -9.8946467e-01
  -8.3375953e-01
  -6.9720295e-01
  -5.5961048e-01
  -5.0861650e-01
  -7.2883960e-01
  -4.9843004e-01
  -5.5017289e-01
  -4.4768909e-01
  -5.3317966e-01
  -4.5683216e-01
  -1.9087152e-01
  -2.3460032e-01
  -6.3847531e-02
  -1.7009162e-01
   9.6114986e-02
   2.0715716e-01
   1.1651145e-01
   4.1597694e-01
   2.9610135e-01
   2.5705392e-01
   3.8496021e-01
   6.3996167e-01
   4.4273894e-01
   5.6106739e-01
   7.5830823e-01
   2.4894293e-01
   8.4357616e-01
   9.3427374e-01
   7.9779228e-01
   1.0840548e+00
   7.7726999e-01
   8.0812765e-01
   9.3958140e-01
   1.1636664e+00
   1.0931492e+00
   9.1797503e-01
   7.8375270e-01
   7.0121565e-01
   9.8573408e-01
   7.5325809e-01
   8.6484393e-01
   1.0207824e+00
   1.0094055e+00
   9.8497459e-01
   9.8491334e-01
   1.0400217e+00
   6.4273670e-01
   8.4969482e-01
   9.8069094e-01
   8.6546883e-01
   6.5205848e-01
   7.0613356e-01
   7.9382170e-01
   4.7548841e-01
   5.3772666e-01
   2.7981732e-01
   9.7349983e-02
   3.0835577e-01
   4.8213843e-02
   2.0076278e-01
   3.6412174e-02
   3.3621789e-02
   2.1942944e-01
   1.6584770e-01
   1.6590291e-01
   3.9096526e-02
  -2.8430296e-01
  -2.9519527e-01
  -1.0719453e-01
  -1.7524299e-01
  -9.0175917e-02
  -1.6587643e-01
   1.1140261e-01
   1.7118899e-01
  -6.6138268e-02
   1.0734070e-01
   4.5459762e-02
  -1.3722724e-01
   8.5746976e-02
   7.0541508e-02
   2.1724937e-01
   2.5144899e-01
   4.3921146e-02
   4.0982879e-01
   2.8294781e-01
   1.7297265e-01
   3.6533399e-01
   1.9662079e-01
   2.4654261e-01
   1.3525218e-01
  -1.4632753e-01
  -1.6668898e-01
  -9.8577053e-02
   2.0718060e-02
   1.2514194e-01
  -2.0524956e-01
  -2.1452586e-01
   1.0503201e-01
   7.3716074e-02
  -1.6637422e-01
  -4.0933971e-01
  -2.9016510e-01
  -3.6757659e-01
  -4.4047607e-01
  -3.1721797e-01
  -4.8292881e-01
  -5.1296905e-01
  -6.4991244e-01
  -5.4202932e-01
  -6.3064225e-01
  -7.8686991e-01
  -5.3215585e-01
  -8.3632418e-01
  -4.9977823e-01
  -3.8615353e-01
  -6.1679453e-01
  -3.8522745e-01
  -5.6100292e-01
  -7.8634546e-01
  -5.4336949e-01
  -5.0261364e-01
  -6.3115573e-01
  -5.8017810e-01
  -7.1011783e-01
  -4.6148038e-01
  -2.7856274e-01
  -5.8577746e-01
  -5.1768134e-01
  -3.4882617e-01
  -3.9973394e-01
  -6.3368452e-01
  -6.1613396e-01
  -4.6688883e-01
  -3.7832325e-01
  -2.5813820e-01
  -3.2758546e-01
  -5.9013698e-01
  -2.6551371e-01
  -2.8973182e-01
  -6.4799344e-01
  -2.7986819e-01
  -4.1567632e-01
  -5.0355301e-01
  -2.3299045e-01
  -1.3552789e-01
  -1.8570770e-01
  -2.1491059e-01
  -1.5606357e-01
  -2.4351041e-01
  -5.1888762e-02
  -7.6464094e-02
  -2.2370464e-01
   7.4904157e-02
   2.2286698e-01
   2.9494596e-01
   4.1342502e-01
   5.3248923e-01
   4.1510722e-01
   3.5549529e-01
   7.6832781e-01
   5.0822737e-01
   5.9304572e-01
   7.3727667e-01
   5.4164026e-01
   7.2883589e-01
   6.0367441e-01
   5.9376960e-01
   5.5801465e-01
   4.5058699e-01
   4.1595387e-01
   3.9250816e-01
   5.5732775e-01
   6.7926574e-01
   2.8675706e-01
  -2.5137186e-02
   8.8723683e-02
   1.4506321e-01
  -7.6338841e-03
  -1.4065384e-01
   2.4719706e-01
   1.4142535e-01
  -4.9763161e-02
   1.1147847e-01
  -3.3471718e-02
   1.8898857e-01
  -1.4045178e-01
  -3.5049653e-02
   9.8178700e-02
  -3.7494673e-02
   1.5307938e-01
  -3.7164880e-02
   2.1453388e-01
   2.5962733e-01
   1.9652018e-01
   4.1399317e-01
   4.1990253e-01
   3.3373441e-01
   2.4853599e-01
   2.7580490e-01
   4.4436002e-02
   1.8844621e-01
   3.5275389e-01
   2.5495624e-01
   1.6110625e-01
  -6.2144282e-02
   2.2057794e-01
   1.6870479e-01
  -6.2216639e-02
  -1.2894958e-01
  -1.9386060e-01
   4.0342064e-02
  -1.9393376e-01
  -2.3328022e-01
  -3.5242536e-02
  -1.8760974e-01
  -8.8149796e-02
  -1.8775480e-01
  -2.5820115e-01
  -3.0869002e-01
  -1.6509612e-01
  -2.1609441e-01
  -2.1819400e-01
  -1.0816478e-01
  -2.7228354e-01
  -2.1035412e-01
  -9.3819208e-02
   4.1778246e-02
  -9.5501764e-02
  -2.4736964e-01
  -3.7464859e-01
  -3.3453121e-01
  -2.2007145e-01
  -3.2170427e-01
  -4.1085505e-01
  -4.9649399e-01
  -3.5405182e-01
  -4.1906916e-01
  -5.6625910e-01
  -4.4772842e-01
  -4.7980386e-01
  -6.0431467e-01
  -4.1463433e-01
  -2.9953367e-01
  -1.9871243e-01
  -1.1081246e-01
   3.0190123e-02
  -2.2288274e-02
   4.8740660e-02
  -3.3706606e-02
  -5.3138906e-02
   2.5216034e-01
   2.6263436e-01
   2.4916337e-01
   1.2871207e-01
   3.2988912e-01
   1.7824732e-01
   1.4888338e-01
   2.3013826e-01
   1.7680684e-01
   2.7493768e-01
   3.8503490e-01
   1.4790591e-01
   3.2665597e-01
   4.2585871e-01
   3.6753042e-01
   4.7371359e-01
   2.6791900e-01
   4.8354207e-01
   5.4125423e-01
   5.8491040e-01
   7.3781264e-01
   5.3087910e-01
   6.0047520e-01
   5.2218056e-01
   5.2334223e-01
   6.2296733e-01
   4.1731150e-01
   3.3103317e-01
   3.5864341e-01
   5.2146975e-01
   2.3936200e-01
   3.6706109e-01
   3.9639944e-01
   1.4109949e-01
   3.8847202e-01
   1.8941468e-01
   3.0734484e-01
   4.1375389e-01
  -4.5599846e-02
   2.1254912e-01
   1.0255077e-01
  -1.4851842e-01
   4.3065399e-02
   1.3734257e-01
   1.6335617e-02
  -3.0048474e-01
  -1.6003823e-01
  -6.5314863e-03
   3.5735533e-03
   4.1720736e-03
  -7.0139270e-03
  -1.8839583e-01
   1.5147194e-01
   3.2015914e-01
  -1.7212803e-02
   2.8956296e-01
   1.2264024e-01
   1.8394814e-01
   1.3037380e-01
  -2.8175960e-01
   3.0744129e-02
   2.1264735e-01
   1.6110341e-01
  -9.0722050e-02
  -1.0237817e-01
  -1.7168065e-01
  -1.6158767e-01
   2.2265165e-01
   4.0253182e-02
  -9.2504945e-02
  -2.8221260e-01
  -4.3313503e-01
  -3.8946397e-01
  -1.6676604e-01
   4.4625296e-02
  -1.3193236e-01
  -3.4764238e-01
  -4.6433026e-01
  -1.7799296e-01
  -1.6024868e-01
   9.4015197e-03
  -1.9638422e-02
  -3.2458007e-01
  -3.8374901e-01
  -4.7202933e-01
  -3.9382578e-01
  -5.6919033e-01
  -5.8556354e-01
  -5.0203603e-01
  -6.4901936e-01
  -5.1325453e-01
  -4.4678059e-01
  -5.7076962e-01
  -5.5962509e-01
  -3.1228718e-01
  -1.9480181e-01
  -3.3499233e-01
  -2.7484447e-01
  -2.9254934e-01
  -3.2905361e-01
  -2.4941109e-01
  -2.0260140e-01
  -3.6413661e-01
  -4.9957178e-01
  -3.8635453e-01
  -1.2732059e-01
  -1.0212787e-01
  -2.8540810e-01
   1.2127852e-02
  -4.4582716e-04
  -1.4012672e-01
  -2.5498915e-01
  -1.7710884e-01
   1.1295067e-01
   1.9556275e-01
   3.8179930e-01
   3.0855860e-01
   3.0010212e-01
   2.1715125e-01
   9.0549427e-02
   4.9501627e-01
   3.9402004e-01
   3.4516723e-01
   6.4108166e-01
   3.3912168e-01
   3.8236936e-01
   2.3397132e-01
   2.9538438e-01
   6.0269705e-01
   5.7530200e-01
   7.0765346e-01
   6.3232788e-01
   4.5689768e-01
   6.1730530e-01
   5.8276300e-01
   7.0507773e-01
   7.5756312e-01
   6.4852805e-01
   5.4912925e-01
   6.9956532e-01
   6.5178479e-01
   5.9043005e-01
   6.1803202e-01
   5.2030981e-01
   6.2256792e-01
   5.9063721e-01
   6.3729682e-01
   6.8187746e-01
   7.2314419e-01
   4.8123216e-01
   6.1121369e-01
   4.7956040e-01
   5.1527336e-01
   5.9888538e-01
   6.0194400e-01
   5.4233279e-01
   4.7226833e-01
   4.4700299e-01
   1.6627557e-01
   3.0766333e-01
  -1.4885731e-02
   1.1853526e-01
   1.6426144e-01
  -2.4391480e-01
   2.8562790e-01
   2.7066753e-01
   2.2263162e-01
   1.0667164e-01
  -2.0313064e-01
   9.2382387e-02
   7.8864514e-02
  -1.8739231e-01
  -2.4208058e-01
  -2.1955903e-01
  -4.6571876e-01
  -6.6189417e-01
  -6.2118725e-01
  -2.4201914e-01
  -8.5005275e-02
  -4.6531081e-01
  -5.6473741e-01
  -2.8662740e-01
  -4.7097414e-01
  -5.2427550e-01
  -4.9455957e-01
  -5.4566330e-01
  -4.2245011e-01
  -3.5373767e-01
  -2.8882370e-01
  -5.5752965e-01
  -7.1727864e-01
  -6.4172298e-01
  -7.2319621e-01
  -5.0800404e-01
  -3.5177504e-01
  -6.5110248e-01
  -3.1569430e-01
  -3.7706156e-01
  -6.3310848e-01
  -5.5315812e-01
  -8.5805267e-01
  -6.7330371e-01
  -6.0718099e-01
  -8.0118039e-01
  -9.8234604e-01
  -7.3350452e-01
  -4.6208283e-01
  -7.2101215e-01
  -6.6246823e-01
  -1.0536259e+00
  -7.3688754e-01
  -5.0558537e-01
  -5.8987036e-01
  -1.5226001e-01
  -2.5132152e-01
  -9.1437190e-02
  -1.8304802e-01
  -2.0175397e-01
  -3.5197681e-02
   5.0159354e-02
   1.5487254e-01
  -2.1956846e-01
   1.1059586e-01
   1.1980728e-01
  -1.6024098e-02
   1.4886475e-01
   4.0848383e-01
   5.0438824e-01
   1.4078838e-01
   4.9095303e-01
   5.0109434e-01
   4.4109162e-01
   5.1240481e-01
   2.6280511e-01
   3.4595440e-01
   3.3666387e-01
   2.2508831e-01
   6.7897342e-01
   4.4403049e-01
   3.3712570e-01
   2.9503241e-01
   5.6970446e-02
   1.0242255e-01
   4.4818533e-01
   5.2169624e-01
   4.4046359e-02
   2.7711524e-01
   2.8765540e-01
   3.3100806e-01
   3.4794263e-01
   2.8587876e-01
   5.6056511e-01
   6.6025598e-01
   4.5127655e-01
   5.2857990e-01
   6.1985898e-01
   4.9938180e-01
   3.6324849e-01
   5.7349777e-01
   6.7008295e-01
   4.2175785e-01
   6.4371270e-01
   8.2593090e-01
   9.0088736e-01
   6.9822138e-01
   4.0473072e-01
   4.2186927e-01
   2.6961340e-01
   1.1059013e-01
   4.8538015e-02
   7.3346799e-02
   1.6427190e-01
   2.0131665e-01
   2.2114450e-01
   1.8916793e-01
   3.3300973e-01
   1.9246293e-01
   1.6054441e-01
   6.7978962e-02
   3.4612908e-01
   3.8845536e-01
   4.9293671e-02
   4.4941327e-01
   5.5189883e-01
   3.1635726e-01
   4.4319149e-01
   5.6333847e-01
   4.5623361e-01
   2.3519723e-01
   4.4192106e-01
   2.9813269e-01
   2.1794781e-01
   5.5058648e-01
   4.9285264e-01
   4.3754379e-01
   4.5838598e-02
   2.5051242e-01
   1.1538464e-01
   1.1563181e-02
   1.1658513e-01
  -1.4810316e-01
   5.7495455e-02
  -1.2876038e-01
  -3.4051644e-01
  -3.8854569e-01
  -5.3114808e-01
  -4.7953123e-01
  -5.7484338e-01
  -3.9617149e-01
  -4.6657399e-01
  -2.5002620e-01
  -1.2830495e-01
  -4.1762092e-01
  -2.6752638e-01
  -2.1167049e-01
  -1.6688278e-01
  -2.2094689e-01
  -3.1992708e-01
  -3.7288932e-01
  -1.6667673e-01
  -3.1068522e-02
  -1.4132534e-02
   2.6604228e-01
   1.5860546e-01
   1.5599379e-01
   2.8314234e-01
   3.3215979e-01
   4.4023044e-01
   2.8074851e-01
   5.1486538e-01
   7.8945797e-01
   7.2405999e-01
   1.0394825e+00
   1.2034949e+00
   1.0216642e+00
   8.8335123e-01
   9.1145015e-01
   6.6337969e-01
   5.0131689e-01
   9.2182194e-01
   7.7720521e-01
   8.9801856e-01
   7.9021051e-01
   7.6093586e-01
   7.3727128e-01
   4.0303249e-01
   9.4216549e-01
   1.0498264e+00
   8.6135605e-01
   8.3831972e-01
   9.0429937e-01
   8.6573261e-01
   4.6887926e-01
   6.0775728e-01
   6.2571022e-01
   3.2351433e-01
   4.3519919e-01
   8.5261414e-02
   3.0221466e-01
   4.2929705e-01
   3.8276211e-01
   4.4971073e-01
   3.7989394e-01
   5.5558261e-01
   4.1095975e-01
   1.6712749e-01
   2.2273675e-01
   1.5189123e-01
   4.4406669e-02
  -8.4334789e-02
  -1.8622986e-01
   1.8673361e-01
  -4.3729649e-02
   1.0724307e-01
   4.3357599e-01
   1.6521993e-01
   3.4874912e-01
   4.8782545e-01
   1.5880849e-01
   2.5482943e-01
   3.6680230e-01
   1.0340503e-01
   2.2230940e-01
   2.7611051e-02
   1.5575802e-02
   1.9122150e-01
   3.3243162e-03
  -8.0625183e-02
  -1.1760149e-02
  -1.1305225e-01
  -5.7934432e-02
   1.3925554e-01
  -8.0627838e-02
   1.2875591e-01
   1.0926462e-01
  -1.6991393e-01
   2.0408883e-01
   1.5220001e-01
  -2.3678828e-01
  -1.3429275e-01
  -8.0789855e-02
  -2.8699832e-01
  -1.9393692e-01
  -1.2261416e-01
  -1.8039421e-01
  -1.1987119e-01
  -2.3822821e-01
  -2.2926290e-01
  -2.1834960e-01
   2.9676338e-01
   2.3847405e-01
   1.6658148e-01
   6.0800619e-01
   4.5158919e-01
   3.7784513e-01
   2.3977251e-01
   4.7313591e-01
   4.3143389e-01
   4.7100945e-01
   3.1534593e-01
   3.8305063e-01
   7.2572512e-01
   6.4146472e-01
   7.5650134e-01
   5.0428017e-01
   5.4521082e-01
   8.6842074e-01
   9.3912854e-01
   7.8322912e-01
   6.7517030e-01
   7.7837909e-01
   7.8106357e-01
   6.3538092e-01
   8.2839255e-01
   8.7014688e-01
   6.3232317e-01
   4.4021133e-01
   6.2136636e-01
   6.5470159e-01
   5.9722118e-01
   5.8092309e-01
   2.2275198e-01
   3.1655752e-01
   4.6701115e-01
   9.7666785e-02
  -1.2112721e-02
   2.8407487e-01
   7.4550675e-02
   2.6349532e-01
   1.8771433e-01
   5.3281324e-02
   4.8202528e-02
  -4.3264819e-02
   3.8778346e-02
   1.8211735e-02
   1.0965292e-01
  -2.5100959e-01
   2.5839919e-02
   3.6511717e-01
   4.8127406e-01
   4.4150518e-01
   1.8602880e-01
   4.9054384e-01
   5.1002739e-01
   5.6378575e-01
   5.1249139e-01
   2.6107857e-01
  -3.3558199e-02
   4.9826275e-02
   1.5772711e-01
  -1.5188901e-01
  -1.1469791e-01
  -1.4602596e-01
   7.7642740e-02
   9.7590894e-02
   2.4420569e-02
   4.8393622e-02
  -3.1196843e-02
   7.8181928e-02
   8.3589650e-02
   6.6326784e-02
  -1.8277622e-01
  -2.6696855e-01
  -2.4934589e-01
  -2.9554051e-01
  -2.1561838e-01
  -1.4202164e-01
   2.2959699e-03
   2.0882737e-01
   9.1653150e-02
  -2.4771717e-03
   2.9600467e-01
   6.4998428e-01
   3.8916462e-01
   1.0933270e-01
   2.8713358e-01
   2.9798875e-01
   3.0348979e-01
   6.4651463e-02
  -8.5683936e-02
   2.7385283e-01
   2.6214453e-01
   2.1016182e-01
   4.8881576e-01
   5.0137530e-01
   6.6823134e-01
   6.0046715e-01
   6.3548540e-01
   7.1661014e-01
   8.0100939e-01
   7.7162846e-01
   4.8673484e-01
   5.3574356e-01
   3.7931269e-01
   5.2409558e-01
   5.4021574e-01
   3.9032075e-01
   2.6959246e-01
   4.3112385e-01
   6.4526901e-01
   3.2255644e-01
   4.2049185e-01
   7.3998902e-01
   5.5600709e-01
   4.0051318e-01
   4.9060760e-01
   7.3062656e-01
   8.4076044e-01
   4.3156373e-01
  -1.4923790e-01
   7.4134014e-02
   2.0962887e-01
   9.0261099e-02
   1.5296145e-01
   1.4492616e-01
   1.8609324e-01
   1.8233024e-01
   1.8236131e-01
   3.5013605e-01
   4.6542532e-01
   4.7834057e-01
   3.2981743e-01
   1.3617390e-01
   3.6889300e-01
   4.1015177e-01
   2.3673584e-01
   1.8898072e-02
   1.5774142e-01
   2.9671454e-01
   3.1009036e-01
   5.4020162e-01
   4.0886053e-01
   2.3962735e-01
   1.4347208e-01
   4.3363155e-01
   4.4943278e-01
  -1.3490119e-01
   1.1523353e-01
  -5.7988960e-02
  -2.6290055e-01
   4.9612536e-02
   2.0826702e-03
  -3.4450870e-01
  -2.1151924e-01
  -6.3339279e-03
  -1.1095679e-01
  -7.2288876e-02
   5.2412730e-02
   1.2212838e-01
   3.0115752e-01
   2.5660272e-01
   1.8092608e-01
   1.4237981e-01
  -1.5534562e-01
   3.3180136e-01
   9.0536723e-02
  -3.2815955e-01
  -1.3704522e-01
   3.1594422e-02
   1.0654586e-01
  -9.7425587e-02
   1.3900040e-01
  -4.3032536e-02
  -5.5868345e-02
   3.5424928e-02
   2.3990512e-02
   1.6502015e-01
   1.6593530e-01
   6.9002853e-02
   3.3786168e-01
   3.1156201e-01
   2.4065466e-01
   4.4410004e-01
   4.8914819e-02
   4.5524149e-02
   6.5016964e-01
   2.4841630e-01
  -3.3595498e-02
   1.6794897e-01
  -8.7728033e-02
  -8.7515951e-02
  -6.7840759e-02
  -4.0007912e-02
   1.7817478e-01
   2.7140605e-01
   2.1869950e-01
   2.0929208e-01
   3.1926189e-01
   1.5352273e-01
  -1.0709728e-01
   1.1524955e-01
  -2.9823157e-02
   1.6845567e-02
   2.1309602e-01
   1.4425460e-01
   5.5945941e-03
   3.0402016e-01
   9.4221672e-02
   2.6055756e-01
   3.7329761e-01
   2.4420626e-01
   3.9978537e-01
   2.6154276e-01
   2.5897445e-01
   1.4949543e-01
   2.9734152e-01
   1.9071165e-01
   9.9503492e-02
   1.4498888e-01
   6.8940324e-02
   1.9808442e-01
   1.2065989e-01
  -3.3235954e-02
   4.5551016e-02
  -2.1154602e-01
  -2.0346365e-01
  -2.9352661e-01
  -2.9078459e-01
  -1.8282917e-01
  -3.4938725e-01
  -1.4834682e-01
  -2.4753642e-01
  -2.7260618e-01
  -5.2707846e-01
  -4.4292353e-01
  -2.1513267e-01
  -3.2850142e-01
  -3.0947010e-01
  -3.1265358e-01
  -2.1314691e-01
  -4.9375537e-01
  -3.7553927e-01
  -1.1763738e-01
  -4.1675621e-01
  -2.0266337e-01
  -2.8013811e-02
  -8.0323747e-02
  -1.6762520e-01
   9.6682609e-02
  -5.4300721e-02
  -2.4286141e-01
  -1.0187074e-01
   4.4919884e-02
   1.1618613e-01
   8.3599343e-02
   2.1053441e-01
   4.4320818e-02
   6.8205195e-02
  -7.9256263e-02
  -4.9978257e-01
  -3.3734993e-01
  -2.8728259e-01
  -4.8922371e-01
  -1.8941729e-01
  -9.3726286e-02
  -3.4147086e-01
  -5.1153936e-01
  -2.7194502e-01
  -1.0596015e-01
  -3.6024862e-01
  -6.7541142e-02
   2.4438594e-01
  -3.3942218e-02
  -1.1581351e-01
  -3.9379405e-02
  -2.8657401e-01
  -2.7208561e-01
  -1.9991715e-01
  -3.7570690e-01
  -2.6553809e-01
  -2.0265744e-01
  -3.8711532e-01
  -4.7079163e-01
  -4.2289953e-01
  -2.7077963e-01
   8.6630163e-02
   5.2773056e-02
  -1.9665034e-01
  -5.5398889e-01
  -4.2034207e-01
  -2.1324251e-01
  -1.8474692e-01
  -6.5238220e-02
  -4.0459478e-01
  -2.7370816e-01
   1.4506455e-01
   4.0963011e-01
   3.6575669e-01
   2.8299225e-01
   3.3614979e-01
   6.2088037e-01
   5.4375564e-01
   5.3914052e-01
   7.7419304e-01
   5.0112032e-01
   5.0859429e-01
   7.8573369e-01
   8.1888795e-01
   7.6428092e-01
   5.6736244e-01
   5.5656028e-01
   6.3059146e-01
   5.1181255e-01
   6.2688651e-01
   1.7781237e-01
   2.8004384e-01
   4.3591093e-01
   2.0548435e-01
   2.9851199e-01
   9.0507452e-02
   3.8054148e-02
  -6.3203506e-02
  -2.9027869e-01
   4.5153584e-02
   4.6109551e-02
  -3.3718361e-01
  -1.7853500e-01
  -2.7350334e-01
  -2.5545896e-01
  -3.3709830e-02
  -1.0487601e-01
  -3.6417192e-01
  -3.4158150e-01
  -3.1891045e-01
  -1.7637362e-01
   2.7034341e-02
   7.0195418e-02
   1.8082163e-02
  -1.1482879e-01
  -3.0402731e-01
  -3.2469152e-01
  -3.8384266e-01
  -5.5112517e-01
  -4.2533101e-01
  -2.0022113e-01
  -2.8368658e-01
  -4.5826005e-01
  -5.5169316e-01
  -4.2784001e-01
  -4.2364582e-01
  -2.8813287e-01
  -1.3788438e-01
   2.5099472e-02
  -3.6781492e-02
  -2.6635758e-01
   3.2766870e-02
  -7.9155080e-02
  -2.6902630e-01
   8.4859272e-03
   1.5134769e-01
   1.4092467e-01
   1.9032820e-01
   2.1346779e-01
   2.3810183e-01
   3.1512031e-01
   3.4479734e-01
   2.0443702e-01
   2.6060897e-01
   1.4235724e-01
   1.5433577e-01
   4.5293784e-01
   5.1659615e-01
   5.4393537e-01
   2.2121425e-01
   1.4482953e-01
   3.8025305e-01
   1.3958944e-01
   1.1950865e-01
   3.1184882e-01
   1.8739233e-01
  -1.2177325e-01
   1.2588822e-01
  -4.2950618e-02
  -7.5723708e-02
   8.1567059e-02
  -4.0572292e-02
   1.6719485e-01
  -1.5527046e-01
  -2.4000866e-01
  -1.1756521e-02
  -4.7056532e-01
  -3.9199210e-01
  -1.7716845e-01
  -3.4104643e-01
  -2.7240255e-01
  -2.2775326e-01
  -3.4076182e-01
  -2.8775018e-01
  -7.7298454e-02
  -3.9683861e-01
  -5.5415871e-01
  -2.4954450e-01
  -3.3391807e-01
  -3.1673388e-01
  -1.5152745e-01
  -1.3581875e-01
  -2.8695179e-02
  -2.2944859e-03
  -1.2380141e-01
  -2.1144326e-01
  -1.7452686e-01
  -2.3159056e-01
  -4.2180613e-02
   3.7460420e-02
   8.1718176e-02
   4.8462903e-01
   5.1100107e-01
   3.6905635e-01
   5.0823174e-01
   4.2336052e-01
   1.7830436e-01
   1.9979629e-01
   3.7470625e-01
   3.3064219e-01
   1.2395907e-01
   2.9310249e-01
   5.0469834e-01
   4.0046462e-01
   3.4546213e-01
   4.7527622e-01
   5.8791229e-01
   6.9263880e-01
   5.7851025e-01
   4.4663038e-01
   5.4837113e-01
   4.4063777e-01
   3.1795519e-01
   1.4585199e-01
   4.1603797e-01
   5.7293003e-01
   3.5564818e-01
   2.6673745e-01
   4.1416404e-01
   5.5919992e-01
   4.1238074e-01
   4.4534406e-01
   3.9648868e-01
   4.6019543e-01
   5.3026497e-01
   7.4060507e-01
   5.3164998e-01
   4.0623117e-01
   3.1532809e-01
   1.6439589e-01
   3.3513484e-01
   1.8263555e-01
   3.0955371e-01
   2.4442773e-01
   2.1901529e-01
   3.4671268e-01
   2.2100397e-01
   8.5190075e-02
   1.6374879e-01
   4.0681622e-01
  -1.3596556e-01
  -3.8934416e-01
  -1.3043498e-01
  -1.8074325e-02
   1.3492493e-02
   6.1359816e-02
   1.4659689e-01
   7.4709022e-03
   5.0830123e-02
   9.1024523e-02
  -1.0931313e-01
   5.8363004e-02
   2.3721361e-01
  -1.3587879e-01
   2.9017983e-03
  -1.1638760e-01
  -2.4946882e-01
  -1.1807612e-01
  -2.1148805e-01
  -3.5338195e-02
  -1.8021445e-01
  -2.1842849e-01
  -3.2440477e-01
  -4.2057428e-01
  -1.3646158e-02
  -1.8627828e-01
  -2.6113955e-01
  -2.3879347e-01
  -3.4548040e-01
  -4.4055156e-01
  -4.4318811e-01
  -3.9245264e-01
  -5.2445288e-01
  -5.4138070e-01
  -6.3804082e-01
  -5.5895157e-01
  -1.8392654e-01
  -5.9594022e-02
  -7.4247374e-02
  -2.4458242e-01
  -1.2290853e-01
  -1.3600049e-01
  -4.7104088e-01
  -4.1209275e-01
  -2.1820674e-01
   5.1067868e-02
  -1.3883469e-01
   5.9131987e-02
   1.8520673e-01
   6.9588925e-02
   1.4643432e-01
  -8.6024498e-02
  -9.9772494e-03
   1.3362308e-01
  -2.5440564e-02
   1.2657157e-01
   1.5944472e-02
  -2.1229586e-01
  -2.8820106e-01
  -1.7091799e-01
  -3.8033694e-01
  -3.3738000e-01
   9.7990191e-02
  -2.8810819e-01
  -3.3369248e-01
  -3.6862279e-01
  -1.1885384e-01
   2.2280611e-01
   1.0756955e-01
   3.1155229e-01
   7.7873283e-03
  -2.5695207e-03
   6.5438616e-04
  -2.2158887e-01
  -1.9909323e-01
  -3.9804227e-01
  -5.4311879e-01
  -3.8761162e-01
  -3.0522797e-01
  -5.6485174e-01
  -5.1287860e-01
  -3.2310436e-01
  -2.0943846e-01
  -1.2884884e-01
   4.0500372e-02
  -8.9816652e-02
  -9.0428960e-02
  -1.7776906e-01
  -4.8540523e-02
   2.7007328e-01
  -1.0679576e-01
  -4.0001227e-02
   3.9039010e-02
  -1.5396501e-02
   2.5430490e-01
   3.3257874e-01
   4.5934283e-01
   3.8925439e-01
   1.0125160e-02
  -1.8882755e-02
   2.3029992e-01
   2.8109923e-01
   2.0100136e-01
   2.0946215e-01
   2.5825429e-01
   3.6827024e-01
   4.8076986e-01
   6.8829148e-01
   7.0562862e-01
   7.0845443e-01
   7.1193649e-01
   4.3115559e-01
   2.5226483e-01
   3.4588262e-01
   2.3707822e-01
   3.3181238e-01
   2.3348938e-01
   2.1565159e-01
   2.9100544e-01
   1.2557932e-01
   1.6645063e-01
   3.4678361e-02
   2.4984330e-01
   4.3757039e-01
   3.6196927e-01
   5.2285748e-01
   6.9897442e-01
   6.7405588e-01
   5.4012767e-01
   3.4019869e-01
   3.8371086e-01
   4.8425805e-01
   4.4497447e-01
   1.9387435e-01
   2.8466546e-01
   1.1365429e-01
  -1.5713272e-01
   2.3081658e-01
   2.7673556e-01
   4.2529243e-01
   2.4479372e-01
   9.9167138e-03
  -6.5779421e-02
  -1.0544338e-01
   1.6852422e-02
   1.9836661e-01
   3.7255531e-01
   7.9178259e-02
   3.0785610e-01
   4.7969409e-01
   1.3081523e-01
   3.3376485e-01
   3.4568313e-01
   2.5012434e-01
   3.5749548e-01
   2.2045526e-01
   2.2369313e-01
   4.8666068e-01
   3.9858248e-01
   2.9067624e-01
   3.7578561e-01
   6.8352232e-02
  -3.3932612e-01
  -3.8519626e-01
  -5.4830641e-01
  -3.7865918e-01
  -9.9160275e-02
  -2.4640896e-01
  -3.5709719e-01
  -4.4146904e-01
  -2.5797479e-01
   6.2353139e-02
   9.6062397e-02
  -1.6499960e-01
  -2.0379809e-01
  -2.7456927e-01
  -2.0526407e-01
  -3.0098622e-01
  -1.2608759e-01
  -1.9032222e-01
  -4.3238552e-01
  -2.7505470e-01
  -8.3895823e-02
  -8.1968005e-02
  -1.3926434e-01
   5.9160449e-02
  -2.4991242e-01
  -8.8005717e-02
   1.7933891e-01
   4.9363481e-02
  -1.0438202e-01
  -3.1589703e-02
   5.5367184e-02
   2.4133291e-02
   1.3851281e-01
   4.5219222e-02
   3.3900421e-02
   2.8118712e-01
   4.7948934e-01
   1.8550470e-01
   1.4679876e-01
   3.4809917e-01
  -1.1671588e-01
  -4.6227690e-01
  -2.4609211e-01
  -1.7436519e-01
   4.5896439e-03
  -1.0996698e-01
  -4.8743954e-02
   2.6657561e-03
  -6.8807942e-02
   8.8864990e-02
  -4.7825751e-02
   1.3927642e-01
   3.6538119e-01
   2.5498169e-01
   1.7911577e-02
   2.0330083e-01
   2.5140514e-01
   2.6286175e-01
   3.2513929e-01
   3.0540092e-01
   2.7790802e-01
   2.0537702e-01
   2.5089639e-01
   2.5930949e-01
   1.5570503e-02
  -2.4660204e-01
  -4.3952910e-02
   1.5330065e-01
   1.1525398e-01
   3.8079231e-02
   1.7907530e-01
   3.5318080e-01
   4.6392819e-01
   3.1372019e-01
   1.9978522e-01
   3.9723569e-01
   4.5109082e-01
   5.7775175e-01
   4.9406668e-01
   4.5447440e-01
   6.0514841e-01
   4.1232218e-01
   2.0532503e-01
   2.7674417e-01
   4.6589261e-01
   6.8893292e-01
   4.3414073e-01
   4.0173146e-01
   4.6404149e-01
   3.0525048e-01
   3.4264774e-01
   3.3803782e-01
   4.2817869e-01
   1.2379010e-01
   5.8715186e-02
   1.4505817e-01
  -1.2315182e-01
  -1.6579719e-01
   1.7796085e-01
   4.1676504e-01
   2.7496304e-01
   3.5741466e-01
   4.1213168e-01
   2.4745026e-01
   6.9842978e-01
   6.6233482e-01
   4.6031790e-01
   7.1518060e-01
   6.1862069e-01
   7.4183561e-01
   7.2546395e-01
   5.1848960e-01
   7.1614558e-01
   4.9962906e-01
   4.3609193e-01
   6.1795993e-01
   6.4054390e-01
   6.9868860e-01
   5.5917497e-01
   4.4362195e-01
   7.3699710e-01
   6.0441116e-01
   7.6469587e-01
   7.8650624e-01
   6.6092826e-01
   7.1835863e-01
   5.6426542e-01
   4.7319348e-01
   5.1235443e-01
   3.8064376e-01
   4.8010916e-01
   7.6940265e-01
   4.2264065e-01
   5.4924482e-01
   5.6034290e-01
   2.0093438e-01
   2.9294768e-02
   1.7341860e-01
   3.3589763e-01
   1.2464964e-01
  -9.4134718e-02
  -1.4705502e-01
   2.8511732e-02
  -7.9525060e-02
  -1.2625172e-01
   3.3647812e-02
   2.2679491e-02
   2.6774157e-01
   3.2371341e-01
   1.0750030e-01
   1.1018425e-01
   2.2133971e-01
   2.4422490e-01
   9.9172012e-02
   3.1944109e-01
   4.5626516e-01
   4.8194885e-01
   3.6453791e-01
   5.1603532e-01
   5.9138766e-01
   3.8250271e-01
   5.7307148e-01
   5.1757367e-01
   5.6882257e-01
   8.6255557e-01
   7.1321423e-01
   7.1832054e-01
   7.6553996e-01
   5.6147515e-01
   4.4319827e-01
   1.1739948e-01
   1.1573746e-02
  -1.5243449e-01
  -2.4429242e-01
  -3.2706299e-01
  -2.5158314e-01
  -1.0910685e-01
   5.5150333e-02
   1.0822592e-01
  -3.9607051e-01
  -3.3635941e-01
  -1.5906912e-01
  -3.3372264e-01
  -1.6489675e-02
   1.2788258e-03
  -2.2112869e-01
  -2.8984717e-01
  -5.1941717e-01
  -5.1274619e-01
  -6.6310013e-01
  -3.0050747e-01
  -6.4477021e-02
  -4.2387032e-02
   3.0784727e-01
   2.5231247e-01
   6.1949708e-02
   5.6041231e-02
   2.3720762e-01
   2.2449111e-01
   1.8055450e-01
   3.2330601e-01
   2.5475367e-01
  -4.8470566e-02
  -1.1587235e-03
   1.2960171e-01
  -1.0880218e-01
  -1.4352686e-01
  -1.3203758e-01
  -2.0334347e-01
   4.7088823e-02
   1.9856102e-01
   1.9653371e-01
   4.4801523e-01
   6.9781640e-01
   4.9614719e-01
   2.0705986e-01
   3.7814845e-01
   4.1486345e-01
   2.4058835e-01
   2.9168005e-01
   6.8352209e-02
   4.0216366e-01
   5.5975546e-01
   2.9486346e-01
   2.8949443e-01
   3.3416816e-01
   1.8126510e-01
   2.1764626e-01
   6.9578586e-01
   8.1565430e-01
   8.0144843e-01
   7.7682878e-01
   4.9403503e-01
   3.4213580e-01
   3.6840980e-01
   3.5118702e-01
  -8.8391474e-02
  -7.8749102e-02
   1.8721659e-01
  -4.9673653e-02
   4.4350361e-03
   2.3407635e-01
   1.5027230e-01
   1.6319892e-01
   3.1815629e-01
   4.0508876e-01
   2.2227736e-01
   1.0620990e-01
   3.8170213e-01
   4.4436304e-01
   2.8021322e-01
   3.2034816e-01
   4.1052096e-01
   4.3040394e-01
   1.2849935e-01
   1.4560712e-01
   3.5332585e-01
   1.6897503e-01
   3.3973540e-01
   3.5653713e-01
  -5.6444778e-02
   3.3228255e-01
   2.8187250e-01
  -1.6487770e-01
   1.6061543e-01
   1.7943653e-01
   2.6165882e-02
   1.3420658e-01
   8.7464810e-02
   1.8935374e-01
   3.8442247e-01
   2.5192728e-01
   2.3343941e-01
   1.3105821e-01
   1.0133860e-01
   1.0423611e-01
   3.1703868e-01
   2.3825701e-01
  -1.7870958e-02
   1.2801910e-01
   2.9407722e-01
   1.8340648e-01
   7.6021381e-02
  -1.0334005e-01
  -8.0285999e-02
   1.7554684e-01
   1.8767449e-01
   8.7063655e-02
   1.4762933e-01
   1.7291435e-01
   6.5943474e-02
   3.7080419e-01
   5.6450349e-01
   4.3312769e-01
   5.3479054e-01
   4.6859846e-01
   3.1416679e-01
   1.7866269e-01
   1.9040187e-01
   1.8472065e-01
  -1.5192137e-01
  -2.2508860e-02
   7.6222145e-02
   2.1485781e-02
   1.2826187e-02
  -4.6749689e-02
  -1.0156546e-01
  -5.5490778e-02
  -2.0166379e-02
  -2.5931625e-02
   1.0749144e-01
   1.4221010e-01
   4.8592648e-02
  -4.3364183e-02
  -2.3116993e-01
   2.4961633e-02
   1.0595289e-01
  -5.8476651e-02
   2.5724848e-01
   5.0371765e-02
   3.3482509e-02
   1.3517916e-01
   2.3780762e-01
   1.2811802e-01
  -1.6012935e-02
   2.6348876e-01
   3.2771013e-01
   9.5719095e-02
   9.4762060e-02
   1.0353512e-01
   9.7693966e-02
   3.7810441e-01
   1.2471182e-01
  -2.0357663e-01
  -1.8320759e-01
   1.1153634e-01
   1.3427358e-01
  -4.6555166e-02
   2.7782763e-01
   8.7563787e-02
   1.6562248e-01
   8.8988942e-02
   2.0460325e-01
   3.6372786e-01
   2.5909675e-01
   9.1681918e-02
  -6.5197762e-02
  -1.0691771e-01
  -4.7532314e-01
  -9.0079527e-02
   3.6315402e-01
   2.7082289e-01
   1.5754713e-02
  -3.6812578e-02
   2.0439930e-01
   4.0109928e-01
   3.4907666e-01
